Start Time (Seconds),End Time (Seconds),Duration (Seconds),Component,Energy Consumption (Joule)
0,16.016,16.016,screen dark,2.9281860608
0,16.016,16.016,wifi running,0.21823273472
0.0,8.181841,8.181841,core 0 cpu_idle start,0.123480344372
8.181841,8.391485,0.209644,core 0 cpu_idle,0.003163947248
8.391485,8.391627,0.000141999999869,core 0 cpu_frequency,5.66993503476e-05
8.391627,8.803594,0.411967,core 0 cpu_idle,0.006217405964
8.803594,8.803693,9.90000000911e-05,core 0 cpu_frequency,3.95298288364e-05
8.803693,10.206579,1.402886,core 0 cpu_idle,0.021172355512
10.206579,10.206975,0.00039599999991,core 0 cpu_frequency,0.000158119315164
10.206975,10.303084,0.0961090000001,core 0 cpu_idle,0.001450477028
10.303084,10.303222,0.000137999999879,core 0 cpu_frequency,5.51021855517e-05
10.303222,17.540916,7.237694,core 0 cpu_idle,0.109231277848
17.540916,17.541021,0.000104999999849,core 0 cpu_frequency,4.19255759395e-05
17.541021,22.936256,5.395235,core 0 cpu_idle,0.08142488662
22.936256,22.936392,0.000136000000111,core 0 cpu_frequency,5.43036032445e-05
22.936392,23.167839,0.231447,core 0 cpu_idle,0.003492998124
23.167839,23.167898,5.90000001921e-05,core 0 cpu_frequency,2.35581808767e-05
23.167898,23.323,0.155102,core 0 cpu_idle,0.002340799384
0.0,8.181733,8.181733,core 1 cpu_idle start,0.123478714436
8.181733,8.391499,0.209766,core 1 cpu_idle,0.003165788472
8.391499,8.391804,0.000305000000026,core 1 cpu_frequency,0.00012178381601
8.391804,8.803608,0.411804,core 1 cpu_idle,0.006214945968
8.803608,8.803877,0.000269000000117,core 1 cpu_frequency,0.000107409332847
8.803877,10.206597,1.40272,core 1 cpu_idle,0.02116985024
10.206597,10.206688,9.09999998839e-05,core 1 cpu_frequency,3.63354991537e-05
10.206688,10.303101,0.096413,core 1 cpu_idle,0.001455064996
10.303101,10.305692,0.00259100000017,core 1 cpu_frequency,0.00103456349927
10.305692,17.540928,7.235236,core 1 cpu_idle,0.109194181712
17.540928,17.593721,0.0527929999998,core 1 cpu_frequency,0.0210797803215
17.593721,22.936273,5.342552,core 1 cpu_idle,0.080629794784
22.936273,22.940582,0.00430899999992,core 1 cpu_frequency,0.00172054578077
22.940582,23.167855,0.227273,core 1 cpu_idle,0.003430004116
23.167855,23.167969,0.00011399999994,core 1 cpu_frequency,4.55191967759e-05
23.167969,23.323,0.155031,core 1 cpu_idle,0.002339727852
0.0,8.181792,8.181792,core 2 cpu_idle start,0.123479604864
8.181792,8.391505,0.209713,core 2 cpu_idle,0.003164988596
8.391505,8.391573,6.80000000557e-05,core 2 cpu_frequency,2.71518016222e-05
8.391573,8.803613,0.41204,core 2 cpu_idle,0.00621850768
8.803613,8.803682,6.89999999395e-05,core 2 cpu_frequency,2.75510927758e-05
8.803682,10.206603,1.402921,core 2 cpu_idle,0.021172883732
10.206603,10.20687,0.000266999999894,core 2 cpu_frequency,0.000106610750358
10.20687,10.303107,0.096237,core 2 cpu_idle,0.001452408804
10.303107,10.304356,0.00124900000014,core 2 cpu_frequency,0.000498714708857
10.304356,17.540934,7.236578,core 2 cpu_idle,0.109214435176
17.540934,17.559377,0.0184429999999,core 2 cpu_frequency,0.00736412760157
17.559377,22.936282,5.376905,core 2 cpu_idle,0.08114825026
22.936282,22.936646,0.00036399999999,core 2 cpu_frequency,0.000145341996796
22.936646,23.167861,0.231215,core 2 cpu_idle,0.00348949678
23.167861,23.170644,0.00278299999991,core 2 cpu_frequency,0.00111122740956
23.170644,23.323,0.152356,core 2 cpu_idle,0.002299356752
0.0,8.181871,8.181871,core 3 cpu_idle start,0.123480797132
8.181871,8.39151,0.209639,core 3 cpu_idle,0.003163871788
8.39151,8.391616,0.00010599999996,core 3 cpu_frequency,4.23248671839e-05
8.391616,8.803618,0.412002,core 3 cpu_idle,0.006217934184
8.803618,8.803635,1.69999998434e-05,core 3 cpu_frequency,6.78795033747e-06
8.803635,10.206608,1.402973,core 3 cpu_idle,0.021173668516
10.206608,10.206812,0.000204000000167,core 3 cpu_frequency,8.14554048667e-05
10.206812,10.303112,0.0962999999999,core 3 cpu_idle,0.0014533596
10.303112,10.312288,0.00917600000002,core 3 cpu_frequency,0.00366389605121
10.312288,17.540938,7.22865,core 3 cpu_idle,0.1090947858
17.540938,17.541467,0.000528999999915,core 3 cpu_frequency,0.000211225044766
17.541467,22.936289,5.394822,core 3 cpu_idle,0.081418653624
22.936289,22.936362,7.30000001568e-05,core 3 cpu_frequency,2.91482576626e-05
22.936362,23.167866,0.231504,core 3 cpu_idle,0.003493858368
23.167866,23.175844,0.00797800000009,core 3 cpu_frequency,0.00318554519364
23.175844,23.323,0.147156,core 3 cpu_idle,0.002220878352
0.0,8.183586,8.183586,core 4 cpu_idle start,0.123506679912
8.183586,8.391515,0.207929,core 4 cpu_idle,0.003138064468
8.391515,8.418062,0.0265469999999,core 4 cpu_frequency,0.0105999834864
8.418062,8.803623,0.385561,core 4 cpu_idle,0.005818886612
8.803623,8.840555,0.036932,core 4 cpu_frequency,0.0147466225984
8.840555,10.206613,1.366058,core 4 cpu_idle,0.020616547336
10.206613,10.238588,0.0319749999999,core 4 cpu_frequency,0.01276733612
10.238588,10.303117,0.0645290000002,core 4 cpu_idle,0.000973871668003
10.303117,10.307206,0.00408899999979,core 4 cpu_frequency,0.00163270171672
10.307206,17.540945,7.233739,core 4 cpu_idle,0.109171588988
17.540945,17.573951,0.0330060000001,core 4 cpu_frequency,0.0131790053472
17.573951,22.936297,5.362346,core 4 cpu_idle,0.080928525832
22.936297,22.936724,0.000427000000172,core 4 cpu_frequency,0.000170497342469
22.936724,23.16787,0.231146,core 4 cpu_idle,0.003488455432
23.16787,23.168107,0.00023699999997,core 4 cpu_frequency,9.4632014388e-05
23.168107,23.323,0.154893,core 4 cpu_idle,0.002337645156
0.0,8.183669,8.183669,core 5 cpu_idle start,0.123507932548
8.183669,8.39152,0.207851,core 5 cpu_idle,0.003136887292
8.39152,8.394277,0.00275699999997,core 5 cpu_frequency,0.00110084583839
8.394277,8.803628,0.409351,core 5 cpu_idle,0.006177925292
8.803628,8.906675,0.103047,core 5 cpu_frequency,0.0411457602863
8.906675,10.206618,1.299943,core 5 cpu_idle,0.019618739756
10.206618,10.21718,0.0105620000002,core 5 cpu_frequency,0.00421731365447
10.21718,10.303122,0.0859419999999,core 5 cpu_idle,0.001297036664
10.303122,10.317823,0.0147010000001,core 5 cpu_frequency,0.00586997993122
10.317823,17.540951,7.223128,core 5 cpu_idle,0.109011447776
17.540951,17.711641,0.17069,core 5 cpu_frequency,0.0681550149281
17.711641,22.936305,5.224664,core 5 cpu_idle,0.078850629088
22.936305,22.940128,0.00382300000001,core 5 cpu_frequency,0.0015264902576
22.940128,23.167875,0.227747,core 5 cpu_idle,0.003437157724
23.167875,23.167957,8.20000000203e-05,core 5 cpu_frequency,3.27418784081e-05
23.167957,23.323,0.155043,core 5 cpu_idle,0.002339908956
0.0,8.181801,8.181801,core 6 cpu_idle start,0.123479740692
8.181801,22.490369,14.308568,core 6 cpu_idle,0.215944908256
22.490369,22.490901,0.000532000000021,core 6 cpu_frequency,0.000212422918408
22.490901,23.323,0.832099,core 6 cpu_idle,0.012558038108
0.0,8.186634,8.186634,core 7 cpu_idle start,0.123552680328
8.186634,22.490373,14.303739,core 7 cpu_idle,0.215872028988
22.490373,22.496307,0.00593400000002,core 7 cpu_frequency,0.00236939398081
22.496307,23.323,0.826693,core 7 cpu_idle,0.012476450756
