Start Time (Seconds),End Time (Seconds),Duration (Seconds),Component,Energy Consumption (Joule)
0,15.876,15.876,screen dark,2.9039363136
0,15.876,15.876,wifi running,0.21642544224
0.0,7.930402,7.930402,core 0 cpu_idle start,0.119741139798
7.930402,9.180862,1.25046,core 0 cpu_idle,0.01888069554
9.180862,9.180918,5.59999998586e-05,core 0 cpu_frequency,2.23706783435e-05
9.180918,9.296849,0.115931,core 0 cpu_idle,0.001750442169
9.296849,9.296915,6.60000000607e-05,core 0 cpu_frequency,2.63654424243e-05
9.296915,9.332521,0.0356059999999,core 0 cpu_idle,0.000537614993999
9.332521,9.332593,7.20000000456e-05,core 0 cpu_frequency,2.87623008182e-05
9.332593,10.023152,0.690559,core 0 cpu_idle,0.010426750341
10.023152,10.025505,0.00235299999986,core 0 cpu_frequency,0.000939967969143
10.025505,10.136958,0.111453,core 0 cpu_idle,0.001682828847
10.136958,10.13737,0.000412000000097,core 0 cpu_frequency,0.000164584276839
10.13737,20.662665,10.525295,core 0 cpu_idle,0.158921429205
20.662665,20.662842,0.000177000000122,core 0 cpu_frequency,7.07073228486e-05
20.662842,22.195331,1.532489,core 0 cpu_idle,0.023139051411
22.195331,22.197452,0.00212099999999,core 0 cpu_frequency,0.000847289444395
22.197452,22.42204,0.224588,core 0 cpu_idle,0.003391054212
22.42204,22.422154,0.00011399999994,core 0 cpu_frequency,4.55403095759e-05
22.422154,22.654479,0.232325,core 0 cpu_idle,0.003507875175
22.654479,22.654607,0.000128000000132,core 0 cpu_frequency,5.11329792526e-05
22.654607,22.666209,0.011602,core 0 cpu_idle,0.000175178598001
22.666209,22.666308,9.89999998637e-05,core 0 cpu_frequency,3.95481635456e-05
22.666308,23.31,0.643692,core 0 cpu_idle,0.009719105508
0.0,7.930516,7.930516,core 1 cpu_idle start,0.119742861084
7.930516,9.180877,1.250361,core 1 cpu_idle,0.018879200739
9.180877,9.180959,8.20000000203e-05,core 1 cpu_frequency,3.27570648081e-05
9.180959,9.296861,0.115902,core 1 cpu_idle,0.001750004298
9.296861,9.298755,0.00189399999999,core 1 cpu_frequency,0.000756608301597
9.298755,9.332537,0.033782,core 1 cpu_idle,0.000510074418
9.332537,9.332542,5.00000010106e-06,core 1 cpu_frequency,1.99738204037e-06
9.332542,10.02317,0.690628,core 1 cpu_idle,0.010427792172
10.02317,10.023257,8.6999999894e-05,core 1 cpu_frequency,3.47544467577e-05
10.023257,10.136976,0.113719,core 1 cpu_idle,0.001717043181
10.136976,10.137073,9.70000000962e-05,core 1 cpu_frequency,3.87492108384e-05
10.137073,20.662688,10.525615,core 1 cpu_idle,0.158926260885
20.662688,20.662818,0.000129999999899,core 1 cpu_frequency,5.19319319597e-05
20.662818,22.195345,1.532527,core 1 cpu_idle,0.023139625173
22.195345,22.195517,0.00017200000002,core 1 cpu_frequency,6.87099408082e-05
22.195517,22.422058,0.226541,core 1 cpu_idle,0.003420542559
22.422058,22.428555,0.00649700000008,core 1 cpu_frequency,0.00259539817083
22.428555,22.654496,0.225941,core 1 cpu_idle,0.003411483159
22.654496,22.660551,0.00605500000006,core 1 cpu_frequency,0.00241882960202
22.660551,22.666223,0.005672,core 1 cpu_idle,8.56415280001e-05
22.666223,22.668508,0.00228500000003,core 1 cpu_frequency,0.000912803574012
22.668508,23.31,0.641492,core 1 cpu_idle,0.009685887708
0.0,7.930571,7.930571,core 2 cpu_idle start,0.119743691529
7.930571,9.180882,1.250311,core 2 cpu_idle,0.018878445789
9.180882,9.181669,0.000786999999946,core 2 cpu_frequency,0.000314387926778
9.181669,9.296867,0.115198,core 2 cpu_idle,0.001739374602
9.296867,9.296929,6.20000000708e-05,core 2 cpu_frequency,2.47675368283e-05
9.296929,9.332545,0.0356160000001,core 2 cpu_idle,0.000537765984002
9.332545,9.332635,9.00000000001e-05,core 2 cpu_frequency,3.59528760001e-05
9.332635,10.023176,0.690541,core 2 cpu_idle,0.010426478559
10.023176,10.029352,0.00617599999987,core 2 cpu_frequency,0.00246716624635
10.029352,10.136982,0.10763,core 2 cpu_idle,0.00162510537
10.136982,10.137191,0.000209000000041,core 2 cpu_frequency,8.34905676163e-05
10.137191,20.662698,10.525507,core 2 cpu_idle,0.158924630193
20.662698,20.663143,0.0004449999999,core 2 cpu_frequency,0.00017776699796
20.663143,22.19535,1.532207,core 2 cpu_idle,0.023134793493
22.19535,22.195589,0.000238999999965,core 2 cpu_frequency,9.5474859586e-05
22.195589,22.422063,0.226474,core 2 cpu_idle,0.003419530926
22.422063,22.423423,0.00135999999998,core 2 cpu_frequency,0.000543287903991
22.423423,22.654504,0.231081,core 2 cpu_idle,0.003489092019
22.654504,22.654586,8.20000000203e-05,core 2 cpu_frequency,3.27570648081e-05
22.654586,22.666229,0.011643,core 2 cpu_idle,0.000175797657001
22.666229,22.668506,0.00227700000005,core 2 cpu_frequency,0.00090960776282
22.668506,23.31,0.641494,core 2 cpu_idle,0.009685917906
0.0,7.928813,7.928813,core 3 cpu_idle start,0.119717147487
7.928813,9.180887,1.252074,core 3 cpu_idle,0.018905065326
9.180887,9.181025,0.000137999999879,core 3 cpu_frequency,5.51277431516e-05
9.181025,9.296871,0.115846,core 3 cpu_idle,0.001749158754
9.296871,9.29733,0.000459000000092,core 3 cpu_frequency,0.000183359667637
9.29733,9.332553,0.0352230000001,core 3 cpu_idle,0.000531832077001
9.332553,9.332972,0.000418999999965,core 3 cpu_frequency,0.000167380611586
9.332972,10.023182,0.69021,core 3 cpu_idle,0.01042148079
10.023182,10.023493,0.000311000000011,core 3 cpu_frequency,0.000124237160404
10.023493,10.136987,0.113494,core 3 cpu_idle,0.001713645906
10.136987,10.140518,0.00353100000007,core 3 cpu_frequency,0.00141055116843
10.140518,20.662708,10.52219,core 3 cpu_idle,0.15887454681
20.662708,20.663093,0.000385000000051,core 3 cpu_frequency,0.00015379841402
20.663093,22.195465,1.532372,core 3 cpu_idle,0.023137284828
22.195465,22.195484,1.90000000657e-05,core 3 cpu_frequency,7.59005162625e-06
22.195484,22.422068,0.226584,core 3 cpu_idle,0.003421191816
22.422068,22.422137,6.89999999395e-05,core 3 cpu_frequency,2.75638715758e-05
22.422137,22.654512,0.232375,core 3 cpu_idle,0.003508630125
22.654512,22.654647,0.000135,core 3 cpu_frequency,5.39293140001e-05
22.654647,22.666234,0.011587,core 3 cpu_idle,0.000174952112999
22.666234,22.666275,4.10000000102e-05,core 3 cpu_frequency,1.63785324041e-05
22.666275,23.31,0.643725,core 3 cpu_idle,0.009719603775
0.0,7.93651,7.93651,core 4 cpu_idle start,0.11983336449
7.93651,9.180892,1.244382,core 4 cpu_idle,0.018788923818
9.180892,9.181111,0.000219000000016,core 4 cpu_frequency,8.74853316062e-05
9.181111,9.296877,0.115766,core 4 cpu_idle,0.001747950834
9.296877,9.329189,0.032312,core 4 cpu_frequency,0.0129078814368
9.329189,9.332561,0.00337200000013,core 4 cpu_idle,5.09138280019e-05
9.332561,9.365274,0.0327129999998,core 4 cpu_frequency,0.0130680714731
9.365274,10.023187,0.657913,core 4 cpu_idle,0.009933828387
10.023187,10.053234,0.0300470000002,core 4 cpu_frequency,0.0120030673909
10.053234,10.136992,0.083758,core 4 cpu_idle,0.001264662042
10.136992,10.169214,0.0322219999998,core 4 cpu_frequency,0.0128719285607
10.169214,20.662717,10.493503,core 4 cpu_idle,0.158441401797
20.662717,21.74177,1.079053,core 4 cpu_frequency,0.431056207849
21.74177,22.195476,0.453706,core 4 cpu_idle,0.006850506894
22.195476,22.212114,0.0166380000001,core 4 cpu_frequency,0.00664648834322
22.212114,22.422073,0.209959,core 4 cpu_idle,0.003170170941
22.422073,22.429457,0.007384,core 4 cpu_frequency,0.0029497337376
22.429457,22.654519,0.225062,core 4 cpu_idle,0.003398211138
22.654519,22.66313,0.00861099999997,core 4 cpu_frequency,0.00343989128039
22.66313,22.666239,0.00310899999999,core 4 cpu_idle,4.69427909999e-05
22.666239,22.72507,0.0588310000001,core 4 cpu_frequency,0.0235015960884
22.72507,23.31,0.58493,core 4 cpu_idle,0.00883185807
0.0,7.931509,7.931509,core 5 cpu_idle start,0.119757854391
7.931509,9.180898,1.249389,core 5 cpu_idle,0.018864524511
9.180898,9.19833,0.0174320000001,core 5 cpu_frequency,0.00696367260484
9.19833,9.296882,0.0985519999999,core 5 cpu_idle,0.001488036648
9.296882,9.299596,0.00271399999997,core 5 cpu_frequency,0.00108417894959
9.299596,9.33257,0.032974,core 5 cpu_idle,0.000497874426
9.33257,9.332971,0.000401000000011,core 5 cpu_frequency,0.000160190036404
9.332971,10.023192,0.690221,core 5 cpu_idle,0.010421646879
10.023192,10.026111,0.00291900000002,core 5 cpu_frequency,0.00116607161161
10.026111,10.136998,0.110887,core 5 cpu_idle,0.001674282813
10.136998,10.150502,0.013504,core 5 cpu_frequency,0.0053945293056
10.150502,20.662726,10.512224,core 5 cpu_idle,0.158724070176
20.662726,21.329178,0.666452,core 5 cpu_frequency,0.266231845733
21.329178,22.195481,0.866303,core 5 cpu_idle,0.013080308997
22.195481,22.195579,9.79999999799e-05,core 5 cpu_frequency,3.9148687192e-05
22.195579,22.422078,0.226499,core 5 cpu_idle,0.003419908401
22.422078,22.429255,0.00717699999996,core 5 cpu_frequency,0.00286704212278
22.429255,22.654527,0.225272,core 5 cpu_idle,0.003401381928
22.654527,22.659884,0.005357,core 5 cpu_frequency,0.0021399950748
22.659884,22.666243,0.00635899999997,core 5 cpu_idle,9.60145409996e-05
22.666243,22.679808,0.013565,core 5 cpu_frequency,0.00541889736599
22.679808,23.31,0.630192,core 5 cpu_idle,0.009515269008
0.0,7.937772,7.937772,core 6 cpu_idle start,0.119852419428
7.937772,23.31,15.372228,core 6 cpu_idle,0.232105270572
0.0,7.948674,7.948674,core 7 cpu_idle start,0.120017028726
7.948674,23.31,15.361326,core 7 cpu_idle,0.231940661274
