Start Time (Seconds),End Time (Seconds),Duration (Seconds),Component,Energy Consumption (Joule)
0,15.86,15.86,screen dark,2.901009696
0,15.86,15.86,wifi running,0.2162073264
0.0,8.005572,8.005572,core 0 cpu_idle start,0.120876131628
8.005572,8.098885,0.0933130000003,core 0 cpu_idle,0.001408932987
8.098885,8.100178,0.00129299999981,core 0 cpu_frequency,0.000516522985122
8.100178,8.184166,0.0839879999999,core 0 cpu_idle,0.001268134812
8.184166,8.185017,0.000851000000239,core 0 cpu_frequency,0.000339954416495
8.185017,8.564039,0.379022,core 0 cpu_idle,0.005722853178
8.564039,8.565098,0.00105899999971,core 0 cpu_frequency,0.000423045507486
8.565098,9.592183,1.027085,core 0 cpu_idle,0.015507956415
9.592183,9.592243,5.99999998485e-05,core 0 cpu_frequency,2.39685839395e-05
9.592243,9.690608,0.0983650000003,core 0 cpu_idle,0.001485213135
9.690608,9.692954,0.00234599999976,core 0 cpu_frequency,0.000937171634305
9.692954,10.581556,0.888602,core 0 cpu_idle,0.013417001598
10.581556,10.581623,6.69999999445e-05,core 0 cpu_frequency,2.67649187778e-05
10.581623,21.237214,10.655591,core 0 cpu_idle,0.160888768509
21.237214,21.237618,0.000403999999889,core 0 cpu_frequency,0.000161388465556
21.237618,22.653924,1.416306,core 0 cpu_idle,0.021384804294
22.653924,22.654054,0.000129999999899,core 0 cpu_frequency,5.19319319597e-05
22.654054,22.675649,0.0215950000002,core 0 cpu_idle,0.000326062905002
22.675649,22.675748,9.89999998637e-05,core 0 cpu_frequency,3.95481635456e-05
22.675748,22.929846,0.254098,core 0 cpu_idle,0.003836625702
22.929846,22.929884,3.80000001314e-05,core 0 cpu_frequency,1.51801032525e-05
22.929884,23.321,0.391116,core 0 cpu_idle,0.005905460484
0.0,8.007474,8.007474,core 1 cpu_idle start,0.120904849926
8.007474,8.098901,0.0914270000003,core 1 cpu_idle,0.001380456273
8.098901,8.099214,0.000313000000006,core 1 cpu_frequency,0.000125036113202
8.099214,8.18418,0.0849659999999,core 1 cpu_idle,0.001282901634
8.18418,8.186418,0.00223800000003,core 1 cpu_frequency,0.000894028183214
8.186418,8.564052,0.377634,core 1 cpu_idle,0.005701895766
8.564052,8.564138,8.60000000102e-05,core 1 cpu_frequency,3.43549704041e-05
8.564138,9.592199,1.028061,core 1 cpu_idle,0.015522693039
9.592199,9.59381,0.00161100000014,core 1 cpu_frequency,0.000643556480456
9.59381,9.690631,0.0968209999996,core 1 cpu_idle,0.00146190027899
9.690631,9.690772,0.000140999999985,core 1 cpu_frequency,5.6326172394e-05
9.690772,10.581573,0.890801,core 1 cpu_idle,0.013450204299
10.581573,10.584659,0.00308600000017,core 1 cpu_frequency,0.00123278417047
10.584659,21.23723,10.652571,core 1 cpu_idle,0.160843169529
21.23723,21.237291,6.09999997323e-05,core 1 cpu_frequency,2.43680602931e-05
21.237291,22.653943,1.416652,core 1 cpu_idle,0.021390028548
22.653943,22.656349,0.00240600000006,core 1 cpu_frequency,0.000961140218426
22.656349,22.675662,0.0193129999998,core 1 cpu_idle,0.000291606986997
22.675662,22.67857,0.00290799999993,core 1 cpu_frequency,0.00116167737117
22.67857,22.929857,0.251287,core 1 cpu_idle,0.003794182413
22.929857,22.929866,8.99999986359e-06,core 1 cpu_frequency,3.59528754551e-06
22.929866,23.321,0.391134,core 1 cpu_idle,0.005905732266
0.0,8.005199,8.005199,core 2 cpu_idle start,0.120870499701
8.005199,8.098907,0.0937079999999,core 2 cpu_idle,0.001414897092
8.098907,8.100676,0.00176899999997,core 2 cpu_frequency,0.000706673751587
8.100676,8.184186,0.0835099999999,core 2 cpu_idle,0.00126091749
8.184186,8.184274,8.80000002326e-05,core 2 cpu_frequency,3.51539232929e-05
8.184274,8.564058,0.379784,core 2 cpu_idle,0.005734358616
8.564058,8.564599,0.000541000000339,core 2 cpu_frequency,0.000216116732536
8.564599,9.592205,1.027606,core 2 cpu_idle,0.015515822994
9.592205,9.593115,0.000910000000204,core 2 cpu_frequency,0.000363523524081
9.593115,9.69064,0.0975250000001,core 2 cpu_idle,0.001472529975
9.69064,9.690753,0.000113000000056,core 2 cpu_frequency,4.51408332223e-05
9.690753,10.581578,0.890825,core 2 cpu_idle,0.013450566675
10.581578,10.581686,0.000107999999727,core 2 cpu_frequency,4.31434510911e-05
10.581686,21.237235,10.655549,core 2 cpu_idle,0.160888134351
21.237235,21.238171,0.000935999999911,core 2 cpu_frequency,0.000373909910364
21.238171,22.653951,1.41578,core 2 cpu_idle,0.02137686222
22.653951,22.65491,0.000958999999966,core 2 cpu_frequency,0.000383097867586
22.65491,22.675667,0.0207569999998,core 2 cpu_idle,0.000313409942997
22.675667,22.67568,1.30000003082e-05,core 2 cpu_frequency,5.19319332313e-06
22.67568,22.929863,0.254183,core 2 cpu_idle,0.003837909117
22.929863,22.929914,5.09999999849e-05,core 2 cpu_frequency,2.0373296394e-05
22.929914,23.321,0.391086,core 2 cpu_idle,0.00590500751399
0.0,8.005097,8.005097,core 3 cpu_idle start,0.120868959603
8.005097,8.098912,0.0938149999997,core 3 cpu_idle,0.001416512685
8.098912,8.098967,5.49999999748e-05,core 3 cpu_frequency,2.19712019899e-05
8.098967,8.184191,0.0852240000004,core 3 cpu_idle,0.00128679717601
8.184191,8.184658,0.000466999999844,core 3 cpu_frequency,0.000186555478738
8.184658,8.564063,0.379405,core 3 cpu_idle,0.005728636095
8.564063,8.564191,0.000127999999677,core 3 cpu_frequency,5.11329790709e-05
8.564191,9.592211,1.02802,core 3 cpu_idle,0.01552207398
9.592211,9.592271,5.99999998485e-05,core 3 cpu_frequency,2.39685839395e-05
9.592271,9.690648,0.0983770000003,core 3 cpu_idle,0.001485394323
9.690648,9.690754,0.00010599999996,core 3 cpu_frequency,4.23444983839e-05
9.690754,10.581583,0.890829,core 3 cpu_idle,0.013450627071
10.581583,10.582727,0.00114399999984,core 3 cpu_frequency,0.000457001001536
10.582727,21.23724,10.654513,core 3 cpu_idle,0.160872491787
21.23724,21.237312,7.2000000273e-05,core 3 cpu_frequency,2.8762300909e-05
21.237312,22.653958,1.416646,core 3 cpu_idle,0.021389937954
22.653958,22.654043,8.49999996717e-05,core 3 cpu_frequency,3.39554938689e-05
22.654043,22.675672,0.0216290000003,core 3 cpu_idle,0.000326576271005
22.675672,22.675726,5.39999996363e-05,core 3 cpu_frequency,2.15717254547e-05
22.675726,22.929867,0.254141,core 3 cpu_idle,0.00383727495901
22.929867,22.930615,0.00074799999993,core 3 cpu_frequency,0.000298808347172
22.930615,23.321,0.390385,core 3 cpu_idle,0.005894423115
0.0,8.005058,8.005058,core 4 cpu_idle start,0.120868370742
8.005058,8.098917,0.0938590000001,core 4 cpu_idle,0.001417177041
8.098917,8.099226,0.000309000000016,core 4 cpu_frequency,0.000123438207606
8.099226,8.184196,0.0849699999999,core 4 cpu_idle,0.00128296203
8.184196,8.204796,0.0205999999998,core 4 cpu_frequency,0.00822921383993
8.204796,8.564068,0.359272,core 4 cpu_idle,0.005424647928
8.564068,8.571772,0.0077040000001,core 4 cpu_frequency,0.00307756618564
8.571772,9.592216,1.020444,core 4 cpu_idle,0.015407683956
9.592216,9.677437,0.0852210000003,core 4 cpu_frequency,0.0340437782845
9.677437,9.690656,0.0132189999999,core 4 cpu_idle,0.000199593680999
9.690656,9.6926,0.00194400000009,core 4 cpu_frequency,0.000776582121638
9.6926,10.581588,0.888988,core 4 cpu_idle,0.013422829812
10.581588,10.610784,0.029196,core 4 cpu_frequency,0.0116631129744
10.610784,21.237245,10.626461,core 4 cpu_idle,0.160448934639
21.237245,22.171442,0.934197,core 4 cpu_frequency,0.373189654451
22.171442,22.653966,0.482524,core 4 cpu_idle,0.007285629876
22.653966,22.67531,0.0213439999998,core 4 cpu_frequency,0.00852642428151
22.67531,22.675677,0.000367000000097,core 4 cpu_idle,5.54133300146e-06
22.675677,22.695737,0.0200599999998,core 4 cpu_frequency,0.00801349658393
22.695737,22.929873,0.234136,core 4 cpu_idle,0.003535219464
22.929873,22.936178,0.00630499999988,core 4 cpu_frequency,0.00251869870195
22.936178,23.321,0.384822,core 4 cpu_idle,0.005810427378
0.0,8.005058,8.005058,core 5 cpu_idle start,0.120868370742
8.005058,8.098922,0.0938639999999,core 5 cpu_idle,0.001417252536
8.098922,8.098926,3.9999999899e-06,core 5 cpu_frequency,1.59790559597e-06
8.098926,8.184201,0.0852749999999,core 5 cpu_idle,0.001287567225
8.184201,8.233254,0.0490530000002,core 5 cpu_frequency,0.0195955158493
8.233254,8.564072,0.330818,core 5 cpu_idle,0.004995020982
8.564072,8.57177,0.00769799999989,core 5 cpu_frequency,0.00307516932716
8.57177,9.592221,1.020451,core 5 cpu_idle,0.015407789649
9.592221,9.666647,0.0744259999997,core 5 cpu_frequency,0.0297314305463
9.666647,9.690664,0.0240170000002,core 5 cpu_idle,0.000362632683003
9.690664,9.69376,0.00309599999991,core 5 cpu_frequency,0.00123677893437
9.69376,10.581594,0.887834,core 5 cpu_idle,0.013405405566
10.581594,10.613351,0.0317569999997,core 5 cpu_frequency,0.0126861720347
10.613351,21.23725,10.623899,core 5 cpu_idle,0.160410251001
21.23725,22.171275,0.934025,core 5 cpu_frequency,0.37312094451
22.171275,22.653974,0.482699,core 5 cpu_idle,0.007288272201
22.653974,22.669973,0.0159989999997,core 5 cpu_frequency,0.0063912229235
22.669973,22.675682,0.00570900000002,core 5 cpu_idle,8.62001910004e-05
22.675682,22.676104,0.000422000000071,core 5 cpu_frequency,0.000168579040829
22.676104,22.929878,0.253774,core 5 cpu_idle,0.003831733626
22.929878,22.932598,0.00272000000041,core 5 cpu_frequency,0.00108657580816
22.932598,23.321,0.388402,core 5 cpu_idle,0.00586448179799
0.0,8.007917,8.007917,core 6 cpu_idle start,0.120911538783
8.007917,22.221081,14.213164,core 6 cpu_idle,0.214604563236
22.221081,22.221142,6.10000001871e-05,core 6 cpu_frequency,2.43680604747e-05
22.221142,23.321,1.099858,core 6 cpu_idle,0.016606755942
0.0,8.010836,8.010836,core 7 cpu_idle start,0.120955612764
8.010836,22.221091,14.210255,core 7 cpu_idle,0.214560640245
22.221091,22.227698,0.0066069999998,core 7 cpu_frequency,0.00263934057472
22.227698,23.321,1.093302,core 7 cpu_idle,0.016507766898
