Start Time (Seconds),End Time (Seconds),Duration (Seconds),Component,Energy Consumption (Joule)
0,15.975,15.975,screen dark,2.87395362
0,15.975,15.975,wifi running,0.214190883
0.0,7.982087,7.982087,core 0 cpu_idle start,0.118537982994
7.982087,8.61951,0.637423,core 0 cpu_idle,0.0094660502615
8.61951,8.619579,6.89999997121e-05,core 0 cpu_frequency,2.71102240869e-05
8.619579,9.312901,0.693322,core 0 cpu_idle,0.010296178361
9.312901,9.314626,0.00172500000008,core 0 cpu_frequency,0.000677755605031
9.314626,9.494923,0.180297,core 0 cpu_idle,0.0026775005985
9.494923,9.495026,0.000103000000308,core 0 cpu_frequency,4.04688855212e-05
9.495026,11.073739,1.578713,core 0 cpu_idle,0.0234446774065
11.073739,11.073882,0.000143000000207,core 0 cpu_frequency,5.61849574815e-05
11.073882,12.197097,1.123215,core 0 cpu_idle,0.0166803043575
12.197097,12.197289,0.000192000000425,core 0 cpu_frequency,7.54371457669e-05
12.197289,12.968502,0.771213,core 0 cpu_idle,0.0114528986565
12.968502,12.968657,0.000154999999722,core 0 cpu_frequency,6.08997788909e-05
12.968657,13.131601,0.162944,core 0 cpu_idle,0.002419799872
13.131601,13.131611,1.00000006569e-05,core 0 cpu_frequency,3.92901825809e-06
13.131611,13.992914,0.861303,core 0 cpu_idle,0.0127907802015
13.992914,13.993102,0.00018799999998,core 0 cpu_frequency,7.38655383922e-05
13.993102,14.508523,0.515421,core 0 cpu_idle,0.0076542595605
14.508523,14.508662,0.000138999999763,core 0 cpu_frequency,5.46133501068e-05
14.508662,16.580133,2.071471,core 0 cpu_idle,0.0307623800855
16.580133,16.58029,0.000157000000399,core 0 cpu_frequency,6.16855827569e-05
16.58029,18.153688,1.573398,core 0 cpu_idle,0.023365746999
18.153688,18.153793,0.000105000000076,core 0 cpu_frequency,4.12546890298e-05
18.153793,19.861885,1.708092,core 0 cpu_idle,0.025366020246
19.861885,19.861886,1.00000033854e-06,core 0 cpu_frequency,3.92901933011e-07
19.861886,22.874514,3.012628,core 0 cpu_idle,0.044739032114
22.874514,22.875253,0.000739000000067,core 0 cpu_frequency,0.000290354430226
22.875253,23.322,0.446747,core 0 cpu_idle,0.0066344163235
0.0,7.983845,7.983845,core 1 cpu_idle start,0.118564090173
7.983845,8.619523,0.635678,core 1 cpu_idle,0.00944013613899
8.619523,8.619595,7.19999998182e-05,core 1 cpu_frequency,2.82889295286e-05
8.619595,9.312915,0.69332,core 1 cpu_idle,0.01029614866
9.312915,9.315189,0.00227399999949,core 1 cpu_frequency,0.000893458692999
9.315189,9.494937,0.179748,core 1 cpu_idle,0.00266934767401
9.494937,9.521707,0.0267700000004,core 1 cpu_frequency,0.0105179811862
9.521707,11.073757,1.55205,core 1 cpu_idle,0.023048718525
11.073757,11.087859,0.0141020000001,core 1 cpu_frequency,0.00554070118364
11.087859,12.197116,1.109257,core 1 cpu_idle,0.0164730210785
12.197116,12.197367,0.000251000000389,core 1 cpu_frequency,9.8618351953e-05
12.197367,12.96852,0.771153,core 1 cpu_idle,0.0114520076265
12.96852,12.969193,0.000673000000461,core 1 cpu_frequency,0.000264422911581
12.969193,13.131617,0.162423999999,core 1 cpu_idle,0.00241207761199
13.131617,13.131695,7.80000000304e-05,core 1 cpu_frequency,3.0646340412e-05
13.131695,13.992939,0.861244000001,core 1 cpu_idle,0.012789904022
13.992939,13.997876,0.0049369999997,core 1 cpu_frequency,0.00193975618648
13.997876,14.508539,0.510663,core 1 cpu_idle,0.0075836008815
14.508539,14.508644,0.000105000000076,core 1 cpu_frequency,4.12546890298e-05
14.508644,16.580152,2.071508,core 1 cpu_idle,0.030762929554
16.580152,16.600326,0.0201740000002,core 1 cpu_frequency,0.00792640091329
16.600326,18.153701,1.553375,core 1 cpu_idle,0.0230683954375
18.153701,18.153782,8.10000001366e-05,core 1 cpu_frequency,3.18250458537e-05
18.153782,19.861901,1.708119,core 1 cpu_idle,0.0253664212095
19.861901,19.888212,0.0263110000005,core 1 cpu_frequency,0.01033763926
19.888212,22.874532,2.98632,core 1 cpu_idle,0.04434834516
22.874532,22.874657,0.000124999999571,core 1 cpu_frequency,4.91127248313e-05
22.874657,23.322,0.447343,core 1 cpu_idle,0.0066432672215
0.0,7.986493,7.986493,core 2 cpu_idle start,0.118603414297
7.986493,8.619528,0.633035,core 2 cpu_idle,0.0094008862675
8.619528,8.625902,0.00637400000051,core 2 cpu_frequency,0.0025043560734
8.625902,9.31292,0.687018,core 2 cpu_idle,0.010202560809
9.31292,9.312981,6.09999997323e-05,core 2 cpu_frequency,2.39670096948e-05
9.312981,9.494942,0.181961,core 2 cpu_idle,0.0027022118305
9.494942,9.507706,0.0127640000001,core 2 cpu_frequency,0.00501499857522
9.507706,11.073765,1.566059,core 2 cpu_idle,0.0232567591795
11.073765,11.073861,9.60000006671e-05,core 2 cpu_frequency,3.77185730621e-05
11.073861,12.197126,1.123265,core 2 cpu_idle,0.0166810468825
12.197126,12.197231,0.000105000000076,core 2 cpu_frequency,4.12546890298e-05
12.197231,12.968525,0.771294,core 2 cpu_idle,0.011454101547
12.968525,12.969752,0.00122699999974,core 2 cpu_frequency,0.0004820905085
12.969752,13.131622,0.161870000001,core 2 cpu_idle,0.00240385043501
13.131622,13.132236,0.000613999999587,core 2 cpu_frequency,0.000241241705038
13.132236,13.992949,0.860713,core 2 cpu_idle,0.0127820184065
13.992949,13.993076,0.000127000000248,core 2 cpu_frequency,4.98985286974e-05
13.993076,14.508545,0.515469,core 2 cpu_idle,0.0076549723845
14.508545,14.509616,0.00107099999968,core 2 cpu_frequency,0.000420797827676
14.509616,16.580162,2.070546,core 2 cpu_idle,0.030748643373
16.580162,16.58027,0.000108000000182,core 2 cpu_frequency,4.24333944715e-05
16.58027,18.153706,1.573436,core 2 cpu_idle,0.023366311318
18.153706,18.169022,0.015316,core 2 cpu_frequency,0.00601768396879
18.169022,19.861911,1.692889,core 2 cpu_idle,0.0251402480945
19.861911,19.862002,9.10000007934e-05,core 2 cpu_frequency,3.57540641117e-05
19.862002,22.874541,3.012539,core 2 cpu_idle,0.0447377104195
22.874541,22.874643,0.00010199999997,core 2 cpu_frequency,4.00759835882e-05
22.874643,23.322,0.447357,core 2 cpu_idle,0.0066434751285
0.0,7.983942,7.983942,core 3 cpu_idle start,0.118565530671
7.983942,8.619533,0.635590999999,core 3 cpu_idle,0.00943884414549
8.619533,8.621107,0.00157399999989,core 3 cpu_frequency,0.000618427433157
8.621107,9.312926,0.691819000001,core 3 cpu_idle,0.0102738580595
9.312926,9.31305,0.000124000000142,core 3 cpu_frequency,4.87198232557e-05
9.31305,9.494947,0.181896999999,core 3 cpu_idle,0.00270126139849
9.494947,9.507618,0.0126710000004,core 3 cpu_frequency,0.00497845870796
9.507618,11.073773,1.566155,core 3 cpu_idle,0.0232581848275
11.073773,11.077004,0.0032310000006,core 3 cpu_frequency,0.00126946571603
11.077004,12.197135,1.120131,core 3 cpu_idle,0.0166345054155
12.197135,12.197654,0.000519000000168,core 3 cpu_frequency,0.000203916034266
12.197654,12.96853,0.770876,core 3 cpu_idle,0.011447894038
12.96853,12.970814,0.00228400000015,core 3 cpu_frequency,0.000897387711257
12.970814,13.131627,0.160813,core 3 cpu_idle,0.00238815345651
13.131627,13.131694,6.69999999445e-05,core 3 cpu_frequency,2.63244205782e-05
13.131694,13.992958,0.861264,core 3 cpu_idle,0.012790201032
13.992958,13.996957,0.00399899999957,core 3 cpu_frequency,0.00157121429803
13.996957,14.50855,0.511593,core 3 cpu_idle,0.0075974118465
14.50855,14.509617,0.00106700000015,core 3 cpu_frequency,0.000419226220658
14.509617,16.58017,2.070553,core 3 cpu_idle,0.0307487473265
16.58017,16.582871,0.00270100000034,core 3 cpu_frequency,0.00106122776193
16.582871,18.153712,1.570841,core 3 cpu_idle,0.0233277742705
18.153712,18.154829,0.00111699999979,core 3 cpu_frequency,0.000438871310519
18.154829,19.861919,1.70709,core 3 cpu_idle,0.025351140045
19.861919,19.862214,0.000295000000733,core 3 cpu_frequency,0.000115906031288
19.862214,22.874549,3.012335,core 3 cpu_idle,0.0447346809175
22.874549,22.87467,0.000121000000036,core 3 cpu_frequency,4.7541117814e-05
22.87467,23.322,0.44733,core 3 cpu_idle,0.006643074165
0.0,7.982089,7.982089,core 4 cpu_idle start,0.118538012695
7.982089,8.619539,0.63745,core 4 cpu_idle,0.009466451225
8.619539,8.81021,0.190671,core 4 cpu_frequency,0.0749149791079
8.81021,9.312931,0.502721,core 4 cpu_idle,0.0074656582105
9.312931,9.349244,0.0363129999996,core 4 cpu_frequency,0.0142674430632
9.349244,9.494952,0.145708,core 4 cpu_idle,0.002163836654
9.494952,9.578178,0.0832260000006,core 4 cpu_frequency,0.0326996452071
9.578178,11.073782,1.495604,core 4 cpu_idle,0.022210467202
11.073782,11.089699,0.0159169999997,core 4 cpu_frequency,0.00625381795049
11.089699,12.197145,1.107446,core 4 cpu_idle,0.016446126823
12.197145,12.245743,0.0485980000003,core 4 cpu_frequency,0.0190942416765
12.245743,12.968535,0.722792,core 4 cpu_idle,0.010733822596
12.968535,12.969264,0.00072900000032,core 4 cpu_frequency,0.000286425412326
12.969264,13.131632,0.162368,core 4 cpu_idle,0.002411245984
13.131632,13.162297,0.0306650000002,core 4 cpu_frequency,0.0120483336971
13.162297,13.992969,0.830672,core 4 cpu_idle,0.012335894536
13.992969,14.360213,0.367243999999,core 4 cpu_frequency,0.144290828639
14.360213,14.508555,0.148342,core 4 cpu_idle,0.00220295287101
14.508555,14.53833,0.029775,core 4 cpu_frequency,0.011698651095
14.53833,16.580179,2.041849,core 4 cpu_idle,0.0303224785745
16.580179,17.050995,0.470816,core 4 cpu_frequency,0.184984453869
17.050995,18.153718,1.102723,core 4 cpu_idle,0.0163759879115
18.153718,18.225882,0.0721640000002,core 4 cpu_frequency,0.0283533654953
18.225882,19.861927,1.636045,core 4 cpu_idle,0.0242960862725
19.861927,21.789632,1.927705,core 4 cpu_frequency,0.757398764369
21.789632,22.874557,1.084925,core 4 cpu_idle,0.0161116787125
22.874557,22.922329,0.0477719999999,core 4 cpu_frequency,0.0187697047896
22.922329,23.322,0.399671,core 4 cpu_idle,0.0059353141855
0.0,8.00958,8.00958,core 5 cpu_idle start,0.11894626779
8.00958,8.619545,0.609965000001,core 5 cpu_idle,0.00905828523251
8.619545,8.801672,0.182127,core 5 cpu_frequency,0.0715580261286
8.801672,9.312936,0.511264,core 5 cpu_idle,0.007592526032
9.312936,9.349163,0.0362270000005,core 5 cpu_frequency,0.0142336535088
9.349163,9.494957,0.145794,core 5 cpu_idle,0.002165113797
9.494957,9.537769,0.0428119999997,core 5 cpu_frequency,0.0168209118615
9.537769,11.073789,1.53602,core 5 cpu_idle,0.02281066501
11.073789,11.089698,0.0159090000006,core 5 cpu_frequency,0.00625067473645
11.089698,12.197154,1.107456,core 5 cpu_idle,0.016446275328
12.197154,12.38956,0.192406,core 5 cpu_frequency,0.0755966637308
12.38956,12.96854,0.57898,core 5 cpu_idle,0.00859814249
12.96854,12.968617,7.69999996919e-05,core 5 cpu_frequency,3.02534384789e-05
12.968617,13.131638,0.163021,core 5 cpu_idle,0.0024209433605
13.131638,13.146983,0.0153449999998,core 5 cpu_frequency,0.00602907812092
13.146983,13.992978,0.845995,core 5 cpu_idle,0.0125634487475
13.992978,14.224684,0.231706,core 5 cpu_frequency,0.091037704471
14.224684,14.50856,0.283876,core 5 cpu_idle,0.00421570053799
14.50856,14.509617,0.0010570000004,core 5 cpu_frequency,0.000415297202758
14.509617,16.580186,2.070569,core 5 cpu_idle,0.0307489849345
16.580186,16.977709,0.397523000001,core 5 cpu_frequency,0.156187502242
16.977709,18.153723,1.176014,core 5 cpu_idle,0.017464395907
18.153723,18.225838,0.0721149999999,core 5 cpu_frequency,0.028334113307
18.225838,19.861935,1.636097,core 5 cpu_idle,0.0242968584985
19.861935,21.789584,1.927649,core 5 cpu_frequency,0.757376761868
21.789584,22.874565,1.084981,core 5 cpu_idle,0.0161125103405
22.874565,22.875932,0.00136699999985,core 5 cpu_frequency,0.000537096760539
22.875932,23.322,0.446068,core 5 cpu_idle,0.006624332834
0.0,7.985709,7.985709,core 6 cpu_idle start,0.118591771505
7.985709,22.399482,14.413773,core 6 cpu_idle,0.214051735937
22.399482,22.400233,0.000750999999582,core 6 cpu_frequency,0.000295069251636
22.400233,23.322,0.921767,core 6 cpu_idle,0.0136887008335
0.0,8.003855,8.003855,core 7 cpu_idle start,0.118861248677
8.003855,22.399493,14.395638,core 7 cpu_idle,0.213782422119
22.399493,22.404198,0.00470499999938,core 7 cpu_frequency,0.00184860296875
22.404198,23.322,0.917802,core 7 cpu_idle,0.013629818601
