Memory_KByte_calculated
9114531.0
