Start Time (Seconds),End Time (Seconds),Duration (Seconds),Component,Energy Consumption (Joule)
0,15.942,15.942,screen dark,2.8680168144
0,15.942,15.942,wifi running,0.21374842296
0.0,8.052455,8.052455,core 0 cpu_idle start,0.119582982978
8.052455,8.41899700001,0.366542000003,core 0 cpu_idle,0.00544333197105
8.41899700001,8.42232000001,0.00332299999718,core 0 cpu_frequency,0.00130561268029
8.42232000001,10.456636,2.034316,core 0 cpu_idle,0.0302106097581
10.456636,10.456741,0.000104999999166,core 0 cpu_frequency,4.12546886725e-05
10.456741,12.229744,1.77300299999,core 0 cpu_idle,0.0263299810514
12.229744,12.229849,0.000104999999166,core 0 cpu_frequency,4.12546886725e-05
12.229849,21.100057,8.870208,core 0 cpu_idle,0.131727023904
21.100057,21.100173,0.00011600000289,core 0 cpu_frequency,4.55766099356e-05
21.100173,22.734673,1.6345,core 0 cpu_idle,0.02427314225
22.734673,22.734726,5.30000033905e-05,core 0 cpu_frequency,2.08237967321e-05
22.734726,22.85823,0.123503999996,core 0 cpu_idle,0.00183409615193
22.85823,22.858249,1.89999991562e-05,core 0 cpu_frequency,7.46513386848e-06
22.858249,23.292,0.433750999997,core 0 cpu_idle,0.00644141922545
0.0,8.05454400001,8.05454400001,core 1 cpu_idle start,0.119614005672
8.05454400001,8.41901600001,0.364472000001,core 1 cpu_idle,0.00541259143602
8.41901600001,8.41936700001,0.000351000002411,core 1 cpu_frequency,0.000137908532747
8.41936700001,10.456649,2.037282,core 1 cpu_idle,0.030254656341
10.456649,10.462757,0.0061080000014,core 1 cpu_frequency,0.00239984419495
10.462757,12.229757,1.767,core 1 cpu_idle,0.0262408335
12.229757,12.265473,0.0357159999985,core 1 cpu_frequency,0.0140328806882
12.265473,21.100072,8.834599,core 1 cpu_idle,0.13119821245
21.100072,21.101472,0.00140000000101,core 1 cpu_frequency,0.000550062520398
21.101472,22.734685,1.63321299999,core 1 cpu_idle,0.0242540296564
22.734685,22.735671,0.000986000006378,core 1 cpu_frequency,0.000387401177306
22.735671,22.858246,0.122574999994,core 1 cpu_idle,0.00182030003741
22.858246,22.85833,8.40000066091e-05,core 1 cpu_frequency,3.30037537967e-05
22.85833,23.292,0.433669999991,core 1 cpu_idle,0.00644021633487
0.0,8.070509,8.070509,core 2 cpu_idle start,0.119851093905
8.070509,8.41902500001,0.348516000005,core 2 cpu_idle,0.00517563685808
8.41902500001,8.419047,2.19999928959e-05,core 2 cpu_frequency,8.64383680878e-06
8.419047,10.456654,2.03760700001,core 2 cpu_idle,0.0302594827536
10.456654,10.458511,0.00185699999565,core 2 cpu_frequency,0.000729618640892
10.458511,12.229762,1.77125100001,core 2 cpu_idle,0.0263039629756
12.229762,12.262166,0.0324039999978,core 2 cpu_frequency,0.0127315899263
12.262166,21.100077,8.837911,core 2 cpu_idle,0.131247397306
21.100077,21.100156,7.89999976405e-05,core 2 cpu_frequency,3.10392412729e-05
21.100156,22.734692,1.634536,core 2 cpu_idle,0.024273676868
22.734692,22.735699,0.00100699999894,core 2 cpu_frequency,0.000395652112182
22.735699,22.858255,0.122556000002,core 2 cpu_idle,0.00182001787803
22.858255,22.858387,0.000132000001031,core 2 cpu_frequency,5.18630380051e-05
22.858387,23.292,0.433612999994,core 2 cpu_idle,0.00643936985641
0.0,8.05203300001,8.05203300001,core 3 cpu_idle start,0.119576716067
8.05203300001,8.41903300001,0.366999999998,core 3 cpu_idle,0.00545013349998
8.41903300001,8.41903600001,3.00000101561e-06,core 3 cpu_frequency,1.17870579903e-06
8.41903600001,10.45666,2.037624,core 3 cpu_idle,0.030259735212
10.45666,10.458424,0.00176400000055,core 3 cpu_frequency,0.000693078775416
10.458424,12.229772,1.771348,core 3 cpu_idle,0.026305403474
12.229772,12.230326,0.000553999998374,core 3 cpu_frequency,0.000217667596561
12.230326,21.100082,8.869756,core 3 cpu_idle,0.131720311478
21.100082,21.100327,0.000245000002906,core 3 cpu_frequency,9.62609421417e-05
21.100327,22.734697,1.63437,core 3 cpu_idle,0.024271211685
22.734697,22.734746,4.90000020363e-05,core 3 cpu_frequency,1.92521890001e-05
22.734746,22.858263,0.123517,core 3 cpu_idle,0.0018342892085
22.858263,22.858335,7.19999952707e-05,core 3 cpu_frequency,2.82889277419e-05
22.858335,23.292,0.433664999997,core 3 cpu_idle,0.00644014208245
0.0,8.0557,8.0557,core 4 cpu_idle start,0.11963117285
8.0557,8.41904100001,0.363341000004,core 4 cpu_idle,0.00539579552056
8.41904100001,8.426399,0.00735799999529,core 4 cpu_frequency,0.00289097144255
8.426399,10.456665,2.030266,core 4 cpu_idle,0.030150465233
10.456665,10.485103,0.0284380000012,core 4 cpu_frequency,0.0111733413889
10.485103,12.229778,1.744675,core 4 cpu_idle,0.0259092960875
12.229778,12.536263,0.306485000001,core 4 cpu_frequency,0.120418508173
12.536263,21.100087,8.563824,core 4 cpu_idle,0.127177068312
21.100087,21.9806,0.880513000004,core 4 cpu_frequency,0.345955142625
21.9806,22.734702,0.754101999999,core 4 cpu_idle,0.011198791751
22.734702,22.764179,0.0294769999964,core 4 cpu_frequency,0.0115815663572
22.764179,22.858309,0.094130000005,core 4 cpu_idle,0.00139787756507
22.858309,22.866503,0.00819399999455,core 4 cpu_frequency,0.00321943734706
22.866503,23.292,0.425496999997,core 4 cpu_idle,0.00631884319845
0.0,8.05370600001,8.05370600001,core 5 cpu_idle start,0.119601560953
8.05370600001,8.419049,0.365342999998,core 5 cpu_idle,0.00542552622147
8.419049,8.42171000001,0.0026610000059,core 5 cpu_frequency,0.00104551169212
8.42171000001,10.45667,2.03496,core 5 cpu_idle,0.03022017348
10.45667,10.462572,0.00590199999715,core 5 cpu_frequency,0.00231890642248
10.462572,12.229783,1.76721100001,core 5 cpu_idle,0.0262439669556
12.229783,12.485844,0.256061,core 5 cpu_frequency,0.10060682781
12.485844,21.100092,8.614248,core 5 cpu_idle,0.127925889924
21.100092,21.937113,0.837020999999,core 5 cpu_frequency,0.328867057538
21.937113,22.734707,0.797593999996,core 5 cpu_idle,0.0118446696969
22.734707,22.734798,9.10000017029e-05,core 5 cpu_frequency,3.57540644691e-05
22.734798,22.858319,0.123521000001,core 5 cpu_idle,0.00183434861052
22.858319,22.866427,0.00810800000181,core 5 cpu_frequency,0.00318564779511
22.866427,23.292,0.425572999993,core 5 cpu_idle,0.0063199718364
0.0,8.07047600001,8.07047600001,core 6 cpu_idle start,0.119850603838
8.07047600001,22.378648,14.308172,core 6 cpu_idle,0.212483508286
22.378648,22.379397,0.000748999998905,core 6 cpu_frequency,0.00029428344777
22.379397,23.292,0.912602999997,core 6 cpu_idle,0.0135526108515
0.0,8.08120600001,8.08120600001,core 7 cpu_idle start,0.120009949703
8.08120600001,22.378659,14.297453,core 7 cpu_idle,0.212324325776
22.378659,22.378784,0.000124999998661,core 7 cpu_frequency,4.9112724474e-05
22.378784,23.292,0.913215999994,core 7 cpu_idle,0.0135617142079
