Memory_KByte_calculated
2794108.0
