Start Time (Seconds),End Time (Seconds),Duration (Seconds),Component,Energy Consumption (Joule)
0,15.597,15.597,screen dark,2.8522421064
0,15.597,15.597,wifi running,0.21257276076
0.0,7.825835,7.825835,core 0 cpu_idle start,0.118134892242
7.825835,12.137843,4.312008,core 0 cpu_idle,0.065091916764
12.137843,12.137877,3.39999987773e-05,core 0 cpu_frequency,1.35790487117e-05
12.137877,12.808048,0.670171000002,core 0 cpu_idle,0.0101165663305
12.808048,12.808078,2.99999992421e-05,core 0 cpu_frequency,1.19815136973e-05
12.808078,13.681998,0.87392,core 0 cpu_idle,0.01319225936
13.681998,13.682117,0.000119000000268,core 0 cpu_frequency,4.7526672307e-05
13.682117,14.688266,1.006149,core 0 cpu_idle,0.0151883222295
14.688266,14.688374,0.000108000000182,core 0 cpu_frequency,4.31334504727e-05
14.688374,15.069857,0.381483000001,core 0 cpu_idle,0.00575867662652
15.069857,15.070057,0.000200000000405,core 0 cpu_frequency,7.98767601616e-05
15.070057,18.087261,3.017204,core 0 cpu_idle,0.045546202982
18.087261,18.08745,0.000189000000319,core 0 cpu_frequency,7.54835383273e-05
18.08745,19.29933,1.21188,core 0 cpu_idle,0.01829393454
19.29933,19.299421,9.09999998839e-05,core 0 cpu_frequency,3.63439257536e-05
19.299421,21.796162,2.496741,core 0 cpu_idle,0.0376895537655
21.796162,21.796304,0.000141999998959,core 0 cpu_frequency,5.67124991844e-05
21.796304,22.309,0.512696000002,core 0 cpu_idle,0.00773940246802
0.0,7.827699,7.827699,core 1 cpu_idle start,0.118163030254
7.827699,12.137856,4.310157,core 1 cpu_idle,0.0650639749935
12.137856,12.1624,0.0245439999999,core 1 cpu_frequency,0.00980247598715
12.1624,12.808062,0.645662000001,core 1 cpu_idle,0.00974659072101
12.808062,12.808241,0.000179000000571,core 1 cpu_frequency,7.14897004281e-05
12.808241,13.68201,0.873769,core 1 cpu_idle,0.0131899799395
13.68201,13.690367,0.0083569999988,core 1 cpu_frequency,0.00333765041612
13.690367,14.688278,0.997911,core 1 cpu_idle,0.0150639655005
14.688278,14.689419,0.00114100000064,core 1 cpu_frequency,0.000455696916057
14.689419,15.069882,0.380463,core 1 cpu_idle,0.00574327921649
15.069882,15.075053,0.0051710000007,core 1 cpu_frequency,0.00206521363008
15.075053,18.087287,3.012234,core 1 cpu_idle,0.045471178347
18.087287,18.143386,0.0560989999994,core 1 cpu_frequency,0.022405031796
18.143386,19.299345,1.155959,core 1 cpu_idle,0.0174497790845
19.299345,19.299432,8.70000003488e-05,core 1 cpu_frequency,3.47463907393e-05
19.299432,21.796182,2.49675,core 1 cpu_idle,0.037689689625
21.796182,21.799719,0.00353700000051,core 1 cpu_frequency,0.0014126205008
21.799719,22.309,0.509281000001,core 1 cpu_idle,0.00768785133551
0.0,7.829302,7.829302,core 2 cpu_idle start,0.118187228341
7.829302,12.137861,4.308559,core 2 cpu_idle,0.0650398523845
12.137861,12.139779,0.00191800000175,core 2 cpu_frequency,0.000766018129099
12.139779,12.808068,0.668288999999,core 2 cpu_idle,0.0100881565995
12.808068,12.808138,7.00000000506e-05,core 2 cpu_frequency,2.79568660202e-05
12.808138,13.682015,0.873877,core 2 cpu_idle,0.0131916102535
13.682015,13.689406,0.00739099999919,core 2 cpu_frequency,0.00295184566548
13.689406,14.688284,0.998878,core 2 cpu_idle,0.015078562849
14.688284,14.689353,0.00106899999992,core 2 cpu_frequency,0.000426941282166
14.689353,15.069895,0.380542000001,core 2 cpu_idle,0.00574447176101
15.069895,15.072336,0.00244099999873,core 2 cpu_frequency,0.000974895855291
15.072336,18.087297,3.014961,core 2 cpu_idle,0.0455123437755
18.087297,18.087458,0.000160999999935,core 2 cpu_frequency,6.43007917739e-05
18.087458,19.299351,1.211893,core 2 cpu_idle,0.0182941307815
19.299351,19.300927,0.00157600000057,core 2 cpu_frequency,0.000629428869027
19.300927,21.79619,2.495263,core 2 cpu_idle,0.0376672426165
21.79619,21.796301,0.000110999999379,core 2 cpu_frequency,4.43316015519e-05
21.796301,22.309,0.512699000001,core 2 cpu_idle,0.00773944775451
0.0,7.825805,7.825805,core 3 cpu_idle start,0.118134439377
7.825805,12.137866,4.312061,core 3 cpu_idle,0.0650927168255
12.137866,12.137936,7.00000000506e-05,core 3 cpu_frequency,2.79568660202e-05
12.137936,12.808073,0.670136999999,core 3 cpu_idle,0.0101160530835
12.808073,12.808691,0.000618000000031,core 3 cpu_frequency,0.000246819188413
12.808691,13.682026,0.873335,core 3 cpu_idle,0.0131834284925
13.682026,13.682168,0.000141999998959,core 3 cpu_frequency,5.67124991844e-05
13.682168,14.688289,1.006121,core 3 cpu_idle,0.0151878995555
14.688289,14.69511,0.00682100000085,core 3 cpu_frequency,0.00272419690014
14.69511,15.069904,0.374793999999,core 3 cpu_idle,0.00565770282699
15.069904,15.070041,0.000137000000905,core 3 cpu_frequency,5.47155809613e-05
15.070041,18.087307,3.017266,core 3 cpu_idle,0.045547138903
18.087307,18.087565,0.000258000000031,core 3 cpu_frequency,0.000103041020412
18.087565,19.299356,1.211791,core 3 cpu_idle,0.0182925910405
19.299356,19.300598,0.00124200000027,core 3 cpu_frequency,0.00049603467971
19.300598,21.796198,2.4956,core 3 cpu_idle,0.0376723298
21.796198,21.79745,0.00125200000002,core 3 cpu_frequency,0.000500028517609
21.79745,22.309,0.511550000001,core 3 cpu_idle,0.00772210302502
0.0,7.962559,7.962559,core 4 cpu_idle start,0.120198809384
7.962559,12.137871,4.175312,core 4 cpu_idle,0.063028422296
12.137871,12.153427,0.0155559999985,core 4 cpu_frequency,0.00621281439219
12.153427,12.808078,0.654651000001,core 4 cpu_idle,0.00988228417051
12.808078,12.837984,0.0299059999998,core 4 cpu_frequency,0.0119439719227
12.837984,13.682032,0.844048000001,core 4 cpu_idle,0.012741326584
13.682032,14.058859,0.376827,core 4 cpu_frequency,0.150498599203
14.058859,14.688294,0.629434999999,core 4 cpu_idle,0.00950163604248
14.688294,14.930106,0.241812,core 4 cpu_frequency,0.0965757954457
14.930106,15.069914,0.139808,core 4 cpu_idle,0.002110471664
15.069914,15.262151,0.192237000001,core 4 cpu_frequency,0.076776343561
15.262151,18.087316,2.825165,core 4 cpu_idle,0.0426472782575
18.087316,19.063114,0.975797999999,core 4 cpu_frequency,0.389717913272
19.063114,19.299361,0.236246999999,core 4 cpu_idle,0.00356626658848
19.299361,19.625266,0.325905000002,core 4 cpu_frequency,0.13016117734
19.625266,21.796207,2.170941,core 4 cpu_idle,0.0327714398655
21.796207,22.237897,0.441690000001,core 4 cpu_frequency,0.176403830623
22.237897,22.309,0.0711030000002,core 4 cpu_idle,0.0010733353365
0.0,7.899526,7.899526,core 5 cpu_idle start,0.119247294733
7.899526,12.137876,4.23835,core 5 cpu_idle,0.063980012425
12.137876,12.153352,0.0154759999987,core 5 cpu_frequency,0.00618086368827
12.153352,12.808083,0.654731000001,core 5 cpu_idle,0.00988349181051
12.808083,12.809015,0.00093200000083,core 5 cpu_frequency,0.000372225701932
12.809015,13.682038,0.873023,core 5 cpu_idle,0.0131787186965
13.682038,14.037317,0.355278999999,core 5 cpu_frequency,0.14189267708
14.037317,14.688299,0.650981999999,core 5 cpu_idle,0.00982689878099
14.688299,14.907311,0.219012000001,core 5 cpu_frequency,0.0874698448062
14.907311,15.069924,0.162612999999,core 5 cpu_idle,0.00245472454148
15.069924,15.249398,0.179474,core 5 cpu_frequency,0.0716790081214
15.249398,18.087325,2.837927,core 5 cpu_idle,0.0428399270285
18.087325,18.249413,0.162087999999,core 5 cpu_frequency,0.0647353213741
18.249413,19.299365,1.049952,core 5 cpu_idle,0.015849550416
19.299365,19.624401,0.325036,core 5 cpu_frequency,0.129814112817
19.624401,21.796216,2.171815,core 5 cpu_idle,0.0327846333325
21.796216,22.237897,0.441681,core 5 cpu_frequency,0.176400236168
22.237897,22.309,0.0711030000002,core 5 cpu_idle,0.0010733353365
0.0,7.829758,7.829758,core 6 cpu_idle start,0.118194111889
7.829758,22.309,14.479242,core 6 cpu_idle,0.218571397611
0.0,7.921755,7.921755,core 7 cpu_idle start,0.119582852602
7.921755,22.309,14.387245,core 7 cpu_idle,0.217182656898
