Load,Start,End
2890,1584611794145,1584611797035
