Load,Start,End
734,1587632087543,1587632088277
