Load,Start,End
817,1592480675884,1592480676701
