Start Time (Seconds),End Time (Seconds),Duration (Seconds),Component,Energy Consumption (Joule)
0,15.994,15.994,screen dark,2.892290984
0,15.994,15.994,wifi running,0.2155575356
0.0,8.021998,8.021998,core 0 cpu_idle start,0.119748375145
8.021998,8.34665299999,0.324654999997,core 0 cpu_idle,0.00484628751245
8.34665299999,8.34740999999,0.000757000001613,core 0 cpu_frequency,0.000298968823637
8.34740999999,15.386636,7.039226,core 0 cpu_idle,0.105078046115
15.386636,15.386843,0.000207000004593,core 0 cpu_frequency,8.17523748141e-05
15.386843,22.424667,7.037824,core 0 cpu_idle,0.10505711776
22.424667,22.424721,5.39999964531e-05,core 0 cpu_frequency,2.13267045992e-05
22.424721,22.891924,0.467203,core 0 cpu_idle,0.0069741727825
22.891924,22.892065,0.000141000004078,core 0 cpu_frequency,5.56864006105e-05
22.892065,23.085856,0.193790999998,core 0 cpu_idle,0.00289281515247
23.085856,23.088942,0.00308599999698,core 0 cpu_frequency,0.00121878175281
23.088942,23.312,0.223058000003,core 0 cpu_idle,0.00332969829505
0.0,8.02295799999,8.02295799999,core 1 cpu_idle start,0.119762705545
8.02295799999,8.346668,0.323710000004,core 1 cpu_idle,0.00483218102506
8.346668,8.347701,0.00103300000046,core 1 cpu_frequency,0.000407971987182
8.347701,15.386654,7.038953,core 1 cpu_idle,0.105073970907
15.386654,15.38753,0.000876000005519,core 1 cpu_frequency,0.00034596656618
15.38753,22.424681,7.037151,core 1 cpu_idle,0.105047071552
22.424681,22.425836,0.00115499999811,core 1 cpu_frequency,0.000456154544252
22.425836,22.891941,0.466105,core 1 cpu_idle,0.00695778238749
22.891941,22.904393,0.0124520000027,core 1 cpu_frequency,0.00491778042905
22.904393,23.085876,0.181483,core 1 cpu_idle,0.0027090874825
23.085876,23.086478,0.000602000000072,core 1 cpu_frequency,0.000237753278028
23.086478,23.312,0.225522000001,core 1 cpu_idle,0.00336647965501
0.0,8.023748,8.023748,core 2 cpu_idle start,0.11977449827
8.023748,8.346674,0.322926000001,core 2 cpu_idle,0.00482047786501
8.346674,8.346738,6.39999998384e-05,core 2 cpu_frequency,2.52760959362e-05
8.346738,15.386663,7.039925,core 2 cpu_idle,0.105088480437
15.386663,15.38769,0.00102699999843,core 2 cpu_frequency,0.00040560235238
15.38769,22.424686,7.036996,core 2 cpu_idle,0.10504475779
22.424686,22.424974,0.000287999995635,core 2 cpu_frequency,0.000113742430276
22.424974,22.891949,0.466975000003,core 2 cpu_idle,0.00697076931254
22.891949,22.902504,0.0105550000007,core 2 cpu_frequency,0.0041685811453
22.902504,23.085888,0.183383999996,core 2 cpu_idle,0.00273746465994
23.085888,23.090289,0.0044010000056,core 2 cpu_frequency,0.00173812654121
23.090289,23.312,0.221710999998,core 2 cpu_idle,0.00330959095247
0.0,8.02201399999,8.02201399999,core 3 cpu_idle start,0.119748613985
8.02201399999,8.34667899999,0.324665,core 3 cpu_idle,0.0048464367875
8.34667899999,8.347201,0.000522000002093,core 3 cpu_frequency,0.000206158158826
8.347201,15.386671,7.03947,core 3 cpu_idle,0.105081688425
15.386671,15.387626,0.000954999995884,core 3 cpu_frequency,0.000377166743374
15.387626,22.424692,7.037066,core 3 cpu_idle,0.105045802715
22.424692,22.424749,5.70000047446e-05,core 3 cpu_frequency,2.25115248738e-05
22.424749,22.891957,0.467208000002,core 3 cpu_idle,0.00697424742003
22.891957,22.893737,0.00177999999869,core 3 cpu_frequency,0.000702991419482
22.893737,23.085898,0.192160999999,core 3 cpu_idle,0.00286848332749
23.085898,23.085957,5.89999981457e-05,core 3 cpu_frequency,2.33014002677e-05
23.085957,23.312,0.226043000002,core 3 cpu_idle,0.00337425688254
0.0,8.042161,8.042161,core 4 cpu_idle start,0.120049358327
8.042161,8.346684,0.304522999999,core 4 cpu_idle,0.00454576708248
8.346684,8.348368,0.00168400000257,core 4 cpu_frequency,0.000665077277015
8.348368,15.386678,7.03831,core 4 cpu_idle,0.105064372525
15.386678,15.418587,0.0319090000048,core 4 cpu_frequency,0.0126021085529
15.418587,22.424697,7.00610999999,core 4 cpu_idle,0.104583707025
22.424697,22.429965,0.0052680000008,core 4 cpu_frequency,0.00208053865231
22.429965,22.891966,0.462001,core 4 cpu_idle,0.0068965199275
22.891966,22.934495,0.0425289999985,core 4 cpu_frequency,0.0167963607304
22.934495,23.085907,0.151411999999,core 4 cpu_idle,0.00226020262999
23.085907,23.087488,0.00158100000408,core 4 cpu_frequency,0.000624398560611
23.087488,23.312,0.224512000001,core 4 cpu_idle,0.00335140288001
0.0,8.022497,8.022497,core 5 cpu_idle start,0.119755823967
8.022497,8.346689,0.324192,core 5 cpu_idle,0.00483937608
8.346689,8.347852,0.00116300000082,core 5 cpu_frequency,0.000459314057322
8.347852,15.386686,7.038834,core 5 cpu_idle,0.105072194535
15.386686,15.404288,0.0176019999999,core 5 cpu_frequency,0.00695171627796
15.404288,22.424702,7.020414,core 5 cpu_idle,0.104797229985
22.424702,22.425741,0.00103900000249,core 5 cpu_frequency,0.000410341621984
22.425741,22.891973,0.466231999999,core 5 cpu_idle,0.00695967817998
22.891973,22.908642,0.0166689999969,core 5 cpu_frequency,0.00658323818978
22.908642,23.085918,0.177276000002,core 5 cpu_idle,0.00264628749003
23.085918,23.086146,0.000227999997151,core 5 cpu_frequency,9.00460908747e-05
23.086146,23.312,0.225854000004,core 5 cpu_idle,0.00337143558506
0.0,8.022174,8.022174,core 6 cpu_idle start,0.119751002385
8.022174,22.414641,14.392467,core 6 cpu_idle,0.214843551142
22.414641,22.417818,0.00317699999869,core 6 cpu_frequency,0.00125472120248
22.417818,23.312,0.894182000004,core 6 cpu_idle,0.0133479018051
0.0,8.122558,8.122558,core 7 cpu_idle start,0.121249484545
8.122558,22.414645,14.292087,core 7 cpu_idle,0.213345128693
22.414645,22.422816,0.00817100000131,core 7 cpu_frequency,0.00322704656952
22.422816,23.312,0.889184,core 7 cpu_idle,0.01327329416
