Load,Start,End
958,1585824446874,1585824447832
