Start Time (Seconds),End Time (Seconds),Duration (Seconds),Component,Energy Consumption (Joule)
0,15.883,15.883,screen dark,2.9052167088
0,15.883,15.883,wifi running,0.21652086792
0.0,8.015915,8.015915,core 0 cpu_idle start,0.121032300585
8.015915,9.342202,1.326287,core 0 cpu_idle,0.020025607413
9.342202,9.342334,0.000132000000121,core 0 cpu_frequency,5.27308848485e-05
9.342334,9.952461,0.610127,core 0 cpu_idle,0.009212307573
9.952461,9.952576,0.000115000000051,core 0 cpu_frequency,4.59397860203e-05
9.952576,16.875464,6.922888,core 0 cpu_idle,0.104528685912
16.875464,16.875654,0.000189999999975,core 0 cpu_frequency,7.590051599e-05
16.875654,17.109164,0.23351,core 0 cpu_idle,0.00352576749
17.109164,17.114393,0.00522899999987,core 0 cpu_frequency,0.00208886209555
17.114393,17.138595,0.0242020000001,core 0 cpu_idle,0.000365425998001
17.138595,17.138605,9.99999997475e-06,core 0 cpu_frequency,3.99476398991e-06
17.138605,22.338,5.199395,core 0 cpu_idle,0.078505665105
0.0,8.018696,8.018696,core 1 cpu_idle start,0.121074290904
8.018696,9.342217,1.323521,core 1 cpu_idle,0.019983843579
9.342217,9.342346,0.000129000000015,core 1 cpu_frequency,5.15324556061e-05
9.342346,9.952476,0.61013,core 1 cpu_idle,0.00921235287
9.952476,9.952561,8.49999998991e-05,core 1 cpu_frequency,3.39554939597e-05
9.952561,16.875489,6.922928,core 1 cpu_idle,0.104529289872
16.875489,16.875847,0.000358000000006,core 1 cpu_frequency,0.000143012551202
16.875847,17.109183,0.233336,core 1 cpu_idle,0.003523140264
17.109183,17.131107,0.0219240000001,core 1 cpu_frequency,0.00875812059365
17.131107,17.138609,0.00750199999993,core 1 cpu_idle,0.000113272697999
17.138609,17.138661,5.20000000961e-05,core 1 cpu_frequency,2.07727728384e-05
17.138661,22.338,5.199339,core 1 cpu_idle,0.078504819561
0.0,8.016115,8.016115,core 2 cpu_idle start,0.121035320385
8.016115,9.342222,1.326107,core 2 cpu_idle,0.020022889593
9.342222,9.342924,0.000701999999819,core 2 cpu_frequency,0.000280432432728
9.342924,9.952482,0.609558,core 2 cpu_idle,0.009203716242
9.952482,9.958823,0.00634100000002,core 2 cpu_frequency,0.00253307985241
9.958823,16.875499,6.916676,core 2 cpu_idle,0.104434890924
16.875499,16.87634,0.000840999999809,core 2 cpu_frequency,0.000335959652324
16.87634,17.109193,0.232853,core 2 cpu_idle,0.003515847447
17.109193,17.109225,3.19999999192e-05,core 2 cpu_frequency,1.27832447677e-05
17.109225,17.138615,0.0293899999999,core 2 cpu_idle,0.000443759609999
17.138615,17.151443,0.0128280000001,core 2 cpu_frequency,0.00512448325925
17.151443,22.338,5.186557,core 2 cpu_idle,0.078311824143
0.0,8.017335,8.017335,core 3 cpu_idle start,0.121053741165
8.017335,9.342227,1.324892,core 3 cpu_idle,0.020004544308
9.342227,9.342333,0.00010599999996,core 3 cpu_frequency,4.23444983839e-05
9.342333,9.952487,0.610154,core 3 cpu_idle,0.009212715246
9.952487,9.955765,0.00327800000014,core 3 cpu_frequency,0.00130948363925
9.955765,16.875508,6.919743,core 3 cpu_idle,0.104481199557
16.875508,16.885017,0.00950899999998,core 3 cpu_frequency,0.00379862108759
16.885017,17.109202,0.224185,core 3 cpu_idle,0.003384969315
17.109202,17.109324,0.000121999999919,core 3 cpu_frequency,4.87361207678e-05
17.109324,17.13862,0.0292960000002,core 3 cpu_idle,0.000442340304002
17.13862,17.145775,0.00715500000001,core 3 cpu_frequency,0.002858253642
17.145775,22.338,5.192225,core 3 cpu_idle,0.078397405275
0.0,8.019784,8.019784,core 4 cpu_idle start,0.121090718616
8.019784,9.342233,1.322449,core 4 cpu_idle,0.019967657451
9.342233,9.372439,0.0302060000001,core 4 cpu_frequency,0.0120665841385
9.372439,9.952492,0.580053,core 4 cpu_idle,0.008758220247
9.952492,9.984542,0.03205,core 4 cpu_frequency,0.01280321862
9.984542,16.875518,6.890976,core 4 cpu_idle,0.104046846624
16.875518,17.039818,0.1643,core 4 cpu_frequency,0.0656339725201
17.039818,17.109212,0.0693939999999,core 4 cpu_idle,0.001047780006
17.109212,17.124276,0.0150639999999,core 4 cpu_frequency,0.00601771248958
17.124276,17.138625,0.014349,core 4 cpu_idle,0.000216655551001
17.138625,17.144673,0.00604799999996,core 4 cpu_frequency,0.00241603326719
17.144673,22.338,5.193327,core 4 cpu_idle,0.078414044373
0.0,8.019784,8.019784,core 5 cpu_idle start,0.121090718616
8.019784,9.342238,1.322454,core 5 cpu_idle,0.019967732946
9.342238,9.342959,0.000720999999885,core 5 cpu_frequency,0.000288022484354
9.342959,9.952498,0.609539,core 5 cpu_idle,0.009203429361
9.952498,9.958969,0.00647099999992,core 5 cpu_frequency,0.00258501178437
9.958969,16.875527,6.916558,core 5 cpu_idle,0.104433109242
16.875527,17.039761,0.164234,core 5 cpu_frequency,0.0656076070776
17.039761,17.109221,0.0694599999999,core 5 cpu_idle,0.00104877654
17.109221,17.118154,0.00893300000007,core 5 cpu_frequency,0.00356852268123
17.118154,17.13863,0.0204759999999,core 5 cpu_idle,0.000309167123999
17.13863,17.140099,0.00146900000004,core 5 cpu_frequency,0.000586830831617
17.140099,22.338,5.197901,core 5 cpu_idle,0.078483107199
0.0,8.017303,8.017303,core 6 cpu_idle start,0.121053257997
8.017303,22.278561,14.261258,core 6 cpu_idle,0.215330734542
22.278561,22.27952,0.000958999999966,core 6 cpu_frequency,0.000383097867586
22.27952,22.338,0.0584799999999,core 6 cpu_idle,0.000882989519999
0.0,8.246634,8.246634,core 7 cpu_idle start,0.124515926766
8.246634,22.278573,14.031939,core 7 cpu_idle,0.211868246961
22.278573,22.279357,0.000784000000067,core 7 cpu_frequency,0.000313189497627
22.279357,22.338,0.0586429999998,core 7 cpu_idle,0.000885450656998
