fp
860.9
