Start Time (Seconds),End Time (Seconds),Duration (Seconds),Component,Energy Consumption (Joule)
0,15.856,15.856,screen dark,2.9002780416
0,15.856,15.856,wifi running,0.21615279744
0.0,7.939035,7.939035,core 0 cpu_idle start,0.119871489465
7.939035,8.161231,0.222196000001,core 0 cpu_idle,0.00335493740401
8.161231,8.162331,0.0010999999995,core 0 cpu_frequency,0.000439424039799
8.162331,8.329946,0.167615,core 0 cpu_idle,0.002530818885
8.329946,8.330073,0.000127000000248,core 0 cpu_frequency,5.0733502899e-05
8.330073,8.546313,0.21624,core 0 cpu_idle,0.00326500776
8.546313,8.546477,0.000164000000041,core 0 cpu_frequency,6.55141296163e-05
8.546477,9.252293,0.705816,core 0 cpu_idle,0.010657115784
9.252293,9.252786,0.000493000000461,core 0 cpu_frequency,0.000196941865384
9.252786,9.41555,0.162764,core 0 cpu_idle,0.002457573636
9.41555,9.415667,0.0001170000005,core 0 cpu_frequency,4.67387389999e-05
9.415667,10.738092,1.322425,core 0 cpu_idle,0.019967295075
10.738092,10.749843,0.011751,core 0 cpu_frequency,0.0046942471764
10.749843,10.9845,0.234657,core 0 cpu_idle,0.003543086043
10.9845,10.985315,0.00081500000033,core 0 cpu_frequency,0.000325573266132
10.985315,23.267578,12.282263,core 0 cpu_idle,0.185449889037
23.267578,23.270364,0.00278600000001,core 0 cpu_frequency,0.00111294125041
23.270364,23.324,0.0536359999996,core 0 cpu_idle,0.000809849963995
0.0,7.939106,7.939106,core 1 cpu_idle start,0.119872561494
7.939106,8.161244,0.222138,core 1 cpu_idle,0.003354061662
8.161244,8.161307,6.29999994999e-05,core 1 cpu_frequency,2.51670130002e-05
8.161307,8.329964,0.168657,core 1 cpu_idle,0.002546552043
8.329964,8.331305,0.00134100000014,core 1 cpu_frequency,0.000535697852455
8.331305,8.546331,0.215026,core 1 cpu_idle,0.003246677574
8.546331,8.54698,0.000649000000521,core 1 cpu_frequency,0.000259260183808
8.54698,9.252312,0.705332,core 1 cpu_idle,0.010649807868
9.252312,9.252398,8.60000000102e-05,core 1 cpu_frequency,3.43549704041e-05
9.252398,9.415565,0.163167000001,core 1 cpu_idle,0.00246365853301
9.415565,9.422729,0.00716399999965,core 1 cpu_frequency,0.00286184892946
9.422729,10.738107,1.315378,core 1 cpu_idle,0.019860892422
10.738107,10.749827,0.0117199999995,core 1 cpu_frequency,0.00468186340781
10.749827,10.984514,0.234687,core 1 cpu_idle,0.003543539013
10.984514,10.997879,0.0133649999998,core 1 cpu_frequency,0.00533900208592
10.997879,23.267593,12.269714,core 1 cpu_idle,0.185260411686
23.267593,23.267669,7.60000002629e-05,core 1 cpu_frequency,3.0360206505e-05
23.267669,23.324,0.0563309999998,core 1 cpu_idle,0.000850541768997
0.0,7.93938,7.93938,core 2 cpu_idle start,0.11987669862
7.93938,8.161249,0.221869,core 2 cpu_idle,0.003350000031
8.161249,8.161313,6.39999998384e-05,core 2 cpu_frequency,2.55664895355e-05
8.161313,8.329972,0.168659,core 2 cpu_idle,0.002546582241
8.329972,8.330073,0.000101000000541,core 2 cpu_frequency,4.0347116616e-05
8.330073,8.54634,0.216267,core 2 cpu_idle,0.003265415433
8.54634,8.546806,0.000466000000415,core 2 cpu_frequency,0.000186156002566
8.546806,9.252318,0.705512,core 2 cpu_idle,0.010652525688
9.252318,9.252409,9.09999998839e-05,core 2 cpu_frequency,3.63523523536e-05
9.252409,9.415571,0.163162,core 2 cpu_idle,0.002463583038
9.415571,9.431937,0.0163660000007,core 2 cpu_frequency,0.0065378307627
9.431937,10.738113,1.306176,core 2 cpu_idle,0.019721951424
10.738113,10.749804,0.0116910000006,core 2 cpu_frequency,0.00467027859264
10.749804,10.98452,0.234716,core 2 cpu_idle,0.003543976884
10.98452,10.984756,0.000235999999859,core 2 cpu_frequency,9.42764303436e-05
10.984756,23.267599,12.282843,core 2 cpu_idle,0.185458646457
23.267599,23.267733,0.000133999999889,core 2 cpu_frequency,5.35298375557e-05
23.267733,23.324,0.0562669999999,core 2 cpu_idle,0.000849575432999
0.0,7.945273,7.945273,core 3 cpu_idle start,0.119965677027
7.945273,8.161254,0.215980999999,core 3 cpu_idle,0.00326109711899
8.161254,8.161383,0.000129000000015,core 3 cpu_frequency,5.15324556061e-05
8.161383,8.32998,0.168597,core 3 cpu_idle,0.002545646103
8.32998,8.334333,0.00435300000026,core 3 cpu_frequency,0.00173892076931
8.334333,8.546348,0.212015,core 3 cpu_idle,0.003201214485
8.546348,8.602898,0.0565500000002,core 3 cpu_frequency,0.0225903904201
8.602898,9.252323,0.649425,core 3 cpu_idle,0.00980566807499
9.252323,9.25248,0.000157000000399,core 3 cpu_frequency,6.27177949596e-05
9.25248,9.415576,0.163095999999,core 3 cpu_idle,0.00246258650399
9.415576,9.416603,0.00102700000025,core 3 cpu_frequency,0.0004102622629
9.416603,10.738118,1.321515,core 3 cpu_idle,0.019953554985
10.738118,10.75008,0.0119619999996,core 3 cpu_frequency,0.00477853669663
10.75008,10.984525,0.234445,core 3 cpu_idle,0.003539885055
10.984525,10.986782,0.0022570000001,core 3 cpu_frequency,0.00090161823484
10.986782,23.267604,12.280822,core 3 cpu_idle,0.185428131378
23.267604,23.267726,0.000122000000374,core 3 cpu_frequency,4.87361209494e-05
23.267726,23.324,0.0562739999996,core 3 cpu_idle,0.000849681125994
0.0,7.939043,7.939043,core 4 cpu_idle start,0.119871610257
7.939043,8.161259,0.222216,core 4 cpu_idle,0.003355239384
8.161259,8.167163,0.00590400000056,core 4 cpu_frequency,0.00235850866582
8.167163,8.329987,0.162824,core 4 cpu_idle,0.002458479576
8.329987,8.334308,0.00432099999944,core 4 cpu_frequency,0.00172613752417
8.334308,8.546355,0.212047,core 4 cpu_idle,0.003201697653
8.546355,8.634758,0.0884030000007,core 4 cpu_frequency,0.0353149121895
8.634758,9.252329,0.617571,core 4 cpu_idle,0.009324704529
9.252329,9.270125,0.0177960000001,core 4 cpu_frequency,0.00710908201444
9.270125,9.415583,0.145458,core 4 cpu_idle,0.002196270342
9.415583,9.836752,0.421169,core 4 cpu_frequency,0.168247075912
9.836752,10.738123,0.901371,core 4 cpu_idle,0.013609800729
10.738123,10.747178,0.00905499999953,core 4 cpu_frequency,0.00361725880181
10.747178,10.98453,0.237352,core 4 cpu_idle,0.003583777848
10.98453,10.985961,0.00143099999968,core 4 cpu_frequency,0.000571650728274
10.985961,23.267609,12.281648,core 4 cpu_idle,0.185440603152
23.267609,23.268093,0.000484000000142,core 4 cpu_frequency,0.000193346577657
23.268093,23.324,0.0559069999999,core 4 cpu_idle,0.000844139792999
0.0,7.940816,7.940816,core 5 cpu_idle start,0.119898380784
7.940816,8.161264,0.220447999999,core 5 cpu_idle,0.00332854435199
8.161264,8.164242,0.00297800000044,core 5 cpu_frequency,0.00118964071938
8.164242,8.329995,0.165753,core 5 cpu_idle,0.002502704547
8.329995,8.334296,0.00430099999994,core 5 cpu_frequency,0.00171814799638
8.334296,8.546363,0.212066999999,core 5 cpu_idle,0.00320199963299
8.546363,8.634758,0.0883950000007,core 5 cpu_frequency,0.0353117163783
8.634758,9.252334,0.617576,core 5 cpu_idle,0.00932478002399
9.252334,9.252394,6.00000003033e-05,core 5 cpu_frequency,2.39685841211e-05
9.252394,9.415588,0.163194,core 5 cpu_idle,0.002464066206
9.415588,9.851338,0.43575,core 5 cpu_frequency,0.1740718413
9.851338,10.738128,0.88679,core 5 cpu_idle,0.01338964221
10.738128,10.745231,0.00710299999992,core 5 cpu_frequency,0.00283748086917
10.745231,10.984534,0.239303,core 5 cpu_idle,0.003613235997
10.984534,10.984591,5.69999992877e-05,core 5 cpu_frequency,2.27701545154e-05
10.984591,23.267614,12.283023,core 5 cpu_idle,0.185461364277
23.267614,23.268093,0.000479000000269,core 5 cpu_frequency,0.000191349195707
23.268093,23.324,0.0559069999999,core 5 cpu_idle,0.000844139792999
0.0,8.16069,8.16069,core 6 cpu_idle start,0.12321825831
8.16069,22.186599,14.025909,core 6 cpu_idle,0.211777199991
22.186599,22.186795,0.00019599999996,core 6 cpu_frequency,7.8297374384e-05
22.186795,23.324,1.137205,core 6 cpu_idle,0.017170658295
0.0,7.95023,7.95023,core 7 cpu_idle start,0.12004052277
7.95023,22.186608,14.236378,core 7 cpu_idle,0.214955071422
22.186608,22.199334,0.0127259999999,core 7 cpu_frequency,0.00508373666637
22.199334,23.324,1.124666,core 7 cpu_idle,0.016981331934
