Load,Start,End
1107,1585293045691,1585293046798
